548
324
18
399
246
838
977
169
1045
12
1486
1111
1253
414
705
562
24
340
184
265
99
33
1364
1667
1332
2901
1844
3103
1226
2830
1297
3817
2862
1753
1775
1706
2480
379
345
2626
3364
3933
3306
3594
3957
3414
3805
3009
3113
3392
3593
3212
34
3497
3305
3683
3929
3804
36
2773
2735
3074
3040
594
163
3230
2862
3415
2954
3141
3704
3322
3959
374
2804
3081
3349
6
2704
2896
2990
3166
3851
3439
3260
3523
3582
3718
3965
2353
2563
2664
2158
2934
2256
3105
3021
2459
3528
2749
2841
1667
3908
3636
3780
1713
2621
2418
2793
3047
3134
2125
2221
889
3297
3356
3200
2312
3948
3674
2708
2882
2968
187
2524
1138
365
3833
2082
2119
714
2672
2840
2572
1889
79
2997
2591
2287
2189
2487
1351
2751
1227
2322
537
1876
1923
2263
2174
1291
23
2209
835
1881
2534
2906
978
1342
1408
1862
1095
1047
786
1956
2079
847
243
916
2341
1006
37
1913
80
2501
1206
695
434
1099
2279
1285
2408
1645
2058
1452
2153
2688
3443
3613
1203
1857
1664
1719
1424
1337
2594
1812
1392
193
3702
354
370
2895
768
722
221
2958
1341
3779
1984
